sports,social_media,movies_series
1.0618101782710436,2.223705789444759,0.7440764696895577
1.9260714596148742,1.2789877213040837,1.4903538202225404
1.5979909127171077,1.5842892970704363,0.5687770422304368
1.397987726295555,1.7327236865873834,2.318640804157564
0.7340279606636548,1.9121399684340719,1.0175599632000338
0.7339917805043039,2.570351922786027,1.825044568707964
0.5871254182522991,1.3993475643167195,1.123422152178822
1.7992642186624028,2.0284688768272234,1.5401360423556216
1.4016725176148133,2.184829137724085,1.5934205586865593
1.5621088666940683,1.0929008254399954,0.8697089110510541
0.5308767414437037,2.2150897038028767,2.439169255529117
1.9548647782429915,1.341048247374583,2.050265646722229
1.7486639612006325,1.130103185970559,2.3789978831283785
0.8185086660174142,2.8977710745066663,2.289654700855298
0.7727374508106509,2.9312640661491187,1.6957999576221703
0.7751067647801507,2.6167946962329225,2.3437484700462337
0.9563633644393066,1.6092275383467414,0.676985004103839
1.2871346474483567,1.1953442280127677,0.8919657248382904
1.1479175279631737,2.3684660530243136,0.5904545778210761
0.9368437102970628,1.8803049874792026,1.1506606615265287
